   3.36350   3.47450   3.06920
   4.38480   4.14700   6.71210
   1.54080   1.21240   0.57110
   1.74370   1.87230   2.12200
 107.04110  11.07970  14.51810
   3.30610   3.20150   3.30300
   5.73990   5.81780   2.76500
   3.00060   2.19400   1.94470
   2.97410   2.59700   1.44740
   4.40400   5.92600   6.50170
   2.93250   3.35830   2.75070
   2.52910   3.10040   3.79480
   3.31070   3.19490   3.77560
   4.19840   3.09530   3.17040
   3.15860   3.05460   3.49810
   6.86930   5.86830   6.84060
   5.48740   4.91940   3.75510
   3.56840   2.90260   4.82220
   7.12180   5.99150   3.96530
   3.80510   3.66070   2.65800
   3.63190   2.70140   3.37340
   1.93080   1.85490   1.08040
   4.91210   5.74540   6.75290
  14.06320   3.83580   1.72160
   8.85330   9.34120   5.59310
   5.64000   4.79180   2.72670
   5.01640   5.02950   4.72330
   4.91640   5.14360   4.21750
   5.94300   6.16040   2.55370
   3.57070   3.25660   1.60590
   5.71510   4.71440   6.74490
   5.64970   4.48540   6.55520
   3.13820   2.59770   2.61760
   2.97940   4.06650   2.04350
   7.94990   8.88230  11.36860
   3.26210   3.42850   2.95540
  10.97320   5.25620   3.76180
   5.05060   4.19710   4.66760
   4.28090   2.76530   2.30420
   4.42670   4.48310   2.93240
   3.79110   3.75280   2.83260
   1.66940   2.13630   2.20520
   3.45180   3.00920   3.03390
   3.06980   3.48040   4.96990
   4.72440   2.56720   1.74510
   3.39710   3.18370   2.73170
   4.47950   4.57510   5.59380
   5.44690   4.57260   3.78130
  10.17040   3.42180   3.25980
   8.19160   8.30760   7.80570
  13.30290  15.57300  12.55080
   4.09560   3.11880   3.40270
   5.07650   3.39090   2.31630
   5.69130   4.13330   4.90570
   6.74260   6.77610   6.30960
   6.29630   6.60530   6.32440
   5.18900   3.98470   3.45660
   2.88770   2.30690   2.47820
   3.65950   2.36010   2.79200
   3.30480   3.58870   2.06170
   5.24290   6.15750   6.10160
   6.26130   8.77820   7.50550
   4.59420   3.07940   3.30440
   4.25830   3.49780   3.61580
   3.40150   3.20780   2.50280
   4.87960   3.90000   4.61020
   2.30020   2.53960   3.09120
   3.76680   3.73440   4.09220
   2.89850   2.40100   2.61610
   3.72300   4.43590   5.14470
   4.04370   2.00620   1.85200
   2.48320   1.80920   2.37600
   2.01420   2.06740   1.55870
   1.88940   1.58050   1.79930
   2.62520   2.53460   2.01810
   1.77120   1.47130   1.36690
   1.74640   1.66640   1.88020
   2.86090   3.77040   4.24980
   3.32280   3.18810   1.52210
   1.72530   1.48270   1.22790
   3.04780   2.61970   1.97780
   3.76270   4.52550   3.42900
   2.28160   2.37450   2.75990
   2.99950   2.27960   3.48300
   2.64560   1.96740   1.91090
   2.52940   1.97730   1.55760
   3.44800   2.69250   2.61360
   2.58170   2.63410   2.33250
   1.07160   0.89490   0.67910
   1.80230   1.39880   0.67510
   2.49870   3.16870   3.35290
   1.77620   1.71120   2.31480
   1.89790   2.01320   2.12800
   1.27810   1.34390   1.92980
   2.28960   1.95210   1.67120
   3.69820   3.94890   2.78630
   3.59160   3.61900   3.64460
   1.43030   1.86530   2.43160
   0.95810   1.02370   1.28340
   2.23030   2.40060   3.15790
   1.53190   1.51050   1.30500
   5.35930   6.16840   6.49360
   3.03100   2.77740   1.81950
   4.80530   4.58070   4.48780
   3.19610   2.70890   3.06010
   2.61630   3.19040   3.37460
   3.37750   2.78750   2.84780
   5.71230   6.43430   8.17380
   2.77110   3.26950   4.12880
   3.74820   2.11940   1.50810
   2.12120   2.10980   1.17890
   1.96370   1.22630   1.28770
   1.90140   2.30530   3.22120
   1.56680   1.48450   1.43680
   4.70350   4.58450   2.98900
   2.53630   2.50300   2.05410
   3.22730   2.38320   2.63200
   1.81190   1.92950   1.49760
   1.25250   1.56170   1.86380
   2.27650   1.42100   1.19490
   1.76020   1.90330   2.08150
   1.71150   1.71050   1.35150
   1.87680   2.21950   2.61680
   3.15870   2.71570   2.51880
   2.05430   2.19630   3.10490
   1.67410   1.54300   1.58600
   6.36340   5.38840   1.87150
   1.76860   1.87860   2.38800
   1.77830   1.96350   1.62460
   5.86540   3.84410   3.88550
   2.01880   1.87820   1.81750
   1.80850   1.54630   1.98760
   1.67680   1.56940   1.43150
   3.20240   3.32050   3.80230
   3.55150   1.75370   1.64970
   3.89470   3.06710   1.82340
   1.92970   1.62970   1.27660
   3.47130   4.30070   3.27260
   2.42620   2.74630   3.38550
   2.72500   2.00950   2.35320
   2.76400   3.85640   5.17940
   2.73290   3.50550   4.95930
   3.84170   3.93390   2.93020
   3.19810   2.12940   2.66040
   2.11920   2.20210   2.00220
   3.31900   4.21130   5.20510
   4.52160   5.00200   3.48810
   3.61860   2.85190   2.10660
   2.69660   2.27890   2.34710
   3.36650   3.38770   2.12730
   2.13070   1.31130   1.38120
   1.31930   1.38410   1.01610
   1.79380   1.70700   1.34180
   1.74570   2.12970   2.57140
   1.45140   1.45560   1.65480
   1.81840   1.76290   2.49740
   1.30310   1.18510   0.69870
   1.66340   1.70190   1.93320
   2.20560   2.24830   2.19740
   1.93870   1.68930   0.95300
   2.93700   2.75680   2.61240
   1.99290   1.96900   2.22090
   4.36510   3.42550   4.62540
   2.52570   3.02740   1.97150
   1.08820   1.18740   1.81400
   2.36730   2.76250   2.92490
   2.25220   2.53290   2.65550
   2.88160   3.66440   4.69450
   1.70910   1.47380   1.02140
   2.11680   1.83630   0.92500
   1.41640   1.17110   1.29410
   2.09830   2.79820   4.26120
   3.20580   4.27300   3.77430
   4.02380   1.80070   2.70330
   1.60340   1.65900   1.12860
   5.13110   7.72960   4.37080
   2.29360   2.29800   2.71750
   1.89260   1.82010   2.64160
   2.14300   1.76990   1.22000
   1.42390   1.11940   1.98480
   2.64640   3.81160   4.43250
   1.64640   1.45600   1.59640
   2.88410   2.35920   3.42690
   3.09770   3.25430   4.84620
   4.60010   5.74320   5.28440
   3.39970   3.29520   3.08620
   1.92650   2.33010   3.30930
   5.21720   5.86470   6.95190
   1.60760   1.04070   1.41290
   2.87040   2.92700   3.55580
   6.25190   9.51840   6.44160
   1.69700   1.44620   1.91950
   1.87320   1.97240   2.08430
   2.31290   2.34290   2.05440
   1.93640   2.22280   2.76490
   1.51290   1.73900   1.42050
   0.79240   0.89350   0.76720
   2.15210   1.66600   1.39930
   1.70900   1.30370   1.31930
   2.96990   2.41280   2.17200
   1.08490   1.13260   1.76480
   1.08920   0.89420   0.46110
   0.94840   1.01620   1.28570
   1.89060   2.16810   2.31910
   2.31290   1.45790   1.07330
   1.09920   0.84450   0.74510
   1.65920   1.21250   0.55960
   2.99760   3.18240   4.44160
   2.18790   2.55370   2.85470
   2.26820   1.79770   1.52700
   2.98510   3.64010   3.10700
   3.33530   4.69190   3.86560
   1.67940   1.93000   2.55050
   2.98100   2.04060   2.54170
   1.59410   1.23170   1.30140
   2.30890   2.40690   1.93640
   2.56720   2.75150   3.38630
   1.86630   2.39550   2.62130
   2.75400   2.86760   3.44430
   1.39070   1.33920   1.65970
   3.63080   5.16800   6.15570
   4.08700   4.35620   2.95050
   3.56100   3.37590   1.72690
   1.65560   1.48370   1.30440
   2.89880   3.53520   4.72930
   1.37900   0.79820   0.68550
   4.80360   5.81140   6.50980
   1.89440   2.16430   1.87040
   2.85270   1.67240   2.02940
   0.47950   0.30070   0.42520
   1.94010   2.18770   2.60160
   0.84850   0.84060   0.73810
   2.07250   1.77490   2.33440
   1.51460   1.69600   2.21220
   2.34220   2.02100   2.02290
   0.96400   0.74280   0.54580
   2.40850   2.17380   2.20050
   2.31750   2.25880   2.02190
   1.99540   1.16230   0.90580
   0.71890   0.51320   0.26690
   1.49130   1.65090   2.00080
   1.33220   1.41350   1.44640
   1.63720   1.67970   0.96760
   2.18880   2.54260   2.06880
   4.61340   3.46890   2.37510
   2.94200   2.38290   3.97830
   2.14920   1.68480   1.57090
   1.40340   1.86940   1.36580
   1.96470   1.11100   6.28880
   1.67420   1.99620   1.80730
   1.89310   1.41670   1.12730
   1.05350   1.21380   1.24060
   2.59750   2.67780   1.73270
   1.43150   1.17480   1.34530
   2.65290   3.01360   3.80900
   1.92910   2.11120   1.16410
   3.32500   2.97580   1.95830
   6.44070   8.07690   9.60520
   3.32920   4.01480   4.03370
   3.61270   3.98690   4.34490
   2.69600   2.31400   1.42340
   3.23080   2.31940   2.59980
   2.74150   3.42180   4.79030
   1.91090   1.15060   1.41890
   2.70280   1.72630   2.30700
   2.07630   2.10790   2.09390
   3.68680   2.92610   2.26400
   1.46070   1.20240   1.76130
   1.21730   1.15600   1.06870
   2.86950   3.22180   5.55880
   3.83920   4.43270   4.97950
   4.17880   5.41680   3.27660
   2.75650   3.68710   5.31830
   2.41720   1.92430   1.13970
   2.52310   1.91710   1.38910
   3.32590   3.28050   3.32940
   1.98000   2.27000   1.04570
   1.28300   0.91800   0.84320
   1.50970   1.70070   0.94470
   2.48730   3.08290   1.91170
   3.22110   3.35200   2.31260
   2.08300   1.80590   1.51580
   1.24580   1.29410   1.49650
   1.08510   0.99800   1.01030
   2.11530   1.68610   1.39140
   1.83590   2.04140   2.35270
   3.33390   2.28900   1.62900
   2.19440   1.80500   2.16640
   1.33950   1.01930   0.67620
   2.73830   3.11290   3.02330
   4.65350   6.22690   4.65740
   2.65920   2.22810   2.84160
   2.38900   2.36670   2.19780
   2.81730   1.25040   1.14590
   1.98980   2.61650   1.64780
   3.12970   1.85500   1.48900
   1.45810   1.76120   1.25850
   2.27200   2.52310   2.41570
   2.71520   3.23130   3.13670
   4.32150   5.22660   3.77110
   2.07950   2.16010   1.82460
   2.81560   2.81650   2.47220
   2.25210   2.23920   1.86100
   2.15450   1.29240   1.32260
   1.71630   1.37210   1.24340
   2.31430   1.70770   1.64850
   2.87580   4.13170   4.31890
   2.73320   1.97890   1.36710
   3.80240   5.69260   5.54760
   2.00570   1.76610   1.39630
   1.38210   0.83700   0.49820
   1.28440   0.65440   0.67580
   0.91230   0.72810   0.49570
   1.58720   1.83370   1.50650
   2.58970   1.40600   1.49780
   1.76870   1.63390   1.33440
   1.84860   1.84270   1.21670
   1.74800   1.35800   1.26790
  13.35020   1.75830   1.30330
   3.10900   4.44100   3.85090
   1.37210   1.71730   1.05000
   3.10700   3.15520   3.15120
   2.48740   2.58480   2.64060
   3.26020   3.38070   3.38680
   1.64360   1.81440   1.51420
   1.72240   1.66760   2.06900
   1.86120   1.34380   1.65060
  17.79230  19.17770  28.15340
   5.77490   5.45380   5.68160
   3.76800   3.13980   3.46320
   5.15140   3.31280   3.07300
   4.70740   3.42290   1.83590
   5.55670   8.34390   9.90870
  10.80650   3.74910   3.71280
   3.27430   3.03830   1.75330
   3.01180   2.57930   3.09460
   4.83830   7.14720   2.59010
   1.46880   1.45140   1.17850
   3.56610   4.29280   3.05130
   3.65260   3.51750   4.82490
